Aggregate output of q1.py, q2.py and q3.py (re-run on 2026-09-24 before the plan freeze;
identical to what was seen before the plan was written). Counts from 1 to 9 are replaced by
<10 under the publication rule (VALIDATION_PLAN.md section 12). No loan-level row is shown.
q2 columns: vintage, loans, 12m defaults naive (D2), 12m defaults primary (D1+D3), 24m
defaults primary, censored before 12 months, prepaid within 12, code 16/96 exit within 12.
All q2 counts use Freddie Mac's loan_age as the clock, not months on book.

===== q1.py
[(datetime.date(1999, 1, 1), datetime.date(2026, 3, 1), 0, 325)]
loan_age at first record distribution:
[(0, 1180780), (1, 110732), (2, 25466), (3, 6996), (4, 3122), (5, 1954)]
flag/eltv coverage by period year:
(1999, 0.0, 0.0, 0.0, 0.0, 0.0)
(2000, 0.0, 0.0, 0.0, 0.0, 0.0)
(2001, 0.0, 0.0, 0.0, 0.0, 0.0)
(2002, 0.0, 0.0, 0.0, 0.0, 0.0001)
(2003, 0.0, 0.0, 0.0, 0.0, 0.0001)
(2004, 0.0, 0.0, 0.0, 0.0, 0.0001)
(2005, 0.0, 0.0, 0.0, 0.0, 0.0001)
(2006, 0.0, 0.0, 0.0, 0.0, 0.0001)
(2007, 0.0, 0.0, 0.0, 0.0, 0.0001)
(2008, 0.0, 0.0, 0.0, 0.0, 0.0002)
(2009, 0.0, 0.0, 0.0, 0.0, 0.0003)
(2010, 0.0, 0.0, 0.0, 0.0, 0.001)
(2011, 0.0, 0.0, 0.0, 0.0, 0.0007)
(2012, 0.0, 0.0, 0.0, 0.0, 0.0004)
(2013, 0.0, 0.0, 0.0, 0.0, 0.0006)
(2014, 0.0, 0.0028, 0.0, 0.0, 0.0004)
(2015, 0.0, 0.0028, 0.0001, 0.0, 0.0004)
(2016, 0.0, 0.002, 0.0001, 0.0, 0.0003)
(2017, 0.657, 0.0026, 0.0012, 0.0, 0.0002)
(2018, 0.842, 0.0026, 0.0012, 0.0, 0.0003)
(2019, 0.879, 0.0014, 0.0002, 0.0, 0.0002)
(2020, 0.887, 0.0302, 0.029, 0.0, 0.0001)
(2021, 0.877, 0.0221, 0.0206, 0.0, 0.0002)
(2022, 0.855, 0.0052, 0.0073, 0.0, 0.0004)
(2023, 0.882, 0.0031, 0.0036, 0.0, 0.0001)
(2024, 0.886, 0.0028, 0.0012, 0.0, 0.0002)
(2025, 0.891, 0.0031, 0.0005, 0.0, 0.0002)
(2026, 0.899, 0.0033, 0.0002, 0.0, 0.0003)
distinct bap values: [('R', 19317), ('T', 49739), ('F', 220627), (None, 74630285)]
distinct deferral values: [(None, 74430540), ('P', 474097), ('C', 15331)]
distinct mod values: [('Y', 21403), ('P', 1117272), (None, 73781293)]

===== q2.py
(1999, 50000, 212, 211, 532, 0, 2003, 29)
(2000, 50000, 413, 412, 833, 0, 12427, 51)
(2001, 50000, 283, 283, 626, 0, 6239, 41)
(2002, 50000, 291, 291, 537, 0, 14080, 28)
(2003, 50000, 205, 203, 383, 0, 4653, 21)
(2004, 50000, 358, 353, 730, 0, 4575, 29)
(2005, 50000, 575, 571, 1059, 0, 3100, 31)
(2006, 50000, 869, 862, 1708, 0, 3569, 45)
(2007, 50000, 1224, 1214, 3077, 0, 4243, 109)
(2008, 50000, 945, 939, 2229, 0, 8617, 100)
(2009, 50000, 184, 180, 414, 0, 2961, 26)
(2010, 50000, 176, 171, 431, 0, 3466, 36)
(2011, 50000, 183, 178, 382, 0, 5568, 75)
(2012, 50000, 182, 176, 364, 0, 2699, 84)
(2013, 50000, 152, 135, 297, 0, 1868, 60)
(2014, 50000, 180, 153, 332, 0, 4175, 64)
(2015, 50000, 152, 121, 277, 0, 3158, 30)
(2016, 50000, 155, 100, 296, 0, 2581, 53)
(2017, 50000, 312, 200, 415, 0, 2670, 78)
(2018, 50000, 198, 160, 371, 0, 5713, 85)
(2019, 50000, 1211, 150, 332, 0, 10219, 94)
(2020, 50000, 649, 113, 225, 0, 7214, 108)
(2021, 50000, 228, 121, 275, 0, 2611, 86)
(2022, 50000, 418, 273, 718, 0, 2004, 186)
(2023, 50000, 328, 276, 763, '<10', 3661, 162)
(2024, 50000, 302, 240, 516, 28, 4375, 155)
(2025, 49995, 70, 52, 53, 39906, 3700, 67)

===== q3.py
substr(loan_id,1,1) [('F', 1350000)]
amortization_type [('FRM', 1350000)]
interest_only_indicator [('N', 1350000)]
prepayment_penalty_indicator [('N', 1348532), ('Y', 1468)]
special_eligibility_program [(None, 1308941), ('H', 36504), ('F', 4506), ('R', 49)]
property_valuation_method [(7, 1042606), (2, 228975), (1, 76182), (4, 2237)]
harp_indicator [('N', 1266527), ('Y', 83473)]
(pre_harp_loan_sequence_number IS NOT NULL) [(False, 1266527), (True, 83473)]
super_conforming_flag [('N', 1326284), ('Y', 23716)]
channel [('R', 738452), ('C', 268558), ('T', 237674), ('B', 105267), ('9', 49)]
loan_purpose [('P', 597229), ('N', 435137), ('C', 317631), ('9', '<10')]
occupancy_status [('P', 1216265), ('I', 83608), ('S', 50127)]
property_type [('SF', 957892), ('PU', 280757), ('CO', 100119), ('MH', 8421), ('CP', 2745), ('99', 66)]
number_of_borrowers [(2, 730253), (1, 614716), (3, 4200), (4, 624), (99, 195), (5, 12)]
first_time_homebuyer_indicator [('N', 1143636), ('Y', 205611), ('9', 753)]
original_loan_term<=180 [(False, 1082820), (True, 267180)]
length(loan_id) [(12, 1350000)]
[(0, 999, 19, 75)]
[(2007, 41429), (2008, 8527), (2009, 36), (2010, '<10'), (2011, '<10'), (2012, '<10')]
